# This file was produced by samtools stats (1.16.1+htslib-1.16) and can be plotted using plot-bamstats
# This file contains statistics for all reads.
# The command line was:  stats DNase_example/results/03_aligner/ENCFF001BOB_hg38.bam
# CHK, Checksum	[2]Read Names	[3]Sequences	[4]Qualities
# CHK, CRC32 of reads which passed filtering followed by addition (32bit overflow)
CHK	3039499a	edfe062f	4889a681
# Summary Numbers. Use `grep ^SN | cut -f 2-` to extract this part.
SN	raw total sequences:	10264114	# excluding supplementary and secondary reads
SN	filtered sequences:	0
SN	sequences:	10264114
SN	is sorted:	0
SN	1st fragments:	10264114
SN	last fragments:	0
SN	reads mapped:	9859439
SN	reads mapped and paired:	0	# paired-end technology bit set + both mates mapped
SN	reads unmapped:	404675
SN	reads properly paired:	0	# proper-pair bit set
SN	reads paired:	0	# paired-end technology bit set
SN	reads duplicated:	0	# PCR or optical duplicate bit set
SN	reads MQ0:	109680	# mapped and MQ=0
SN	reads QC failed:	0
SN	non-primary alignments:	0
SN	supplementary alignments:	0
SN	total length:	369508104	# ignores clipping
SN	total first fragment length:	369508104	# ignores clipping
SN	total last fragment length:	0	# ignores clipping
SN	bases mapped:	354939804	# ignores clipping
SN	bases mapped (cigar):	354939804	# more accurate
SN	bases trimmed:	0
SN	bases duplicated:	0
SN	mismatches:	1987217	# from NM fields
SN	error rate:	5.598743e-03	# mismatches / bases mapped (cigar)
SN	average length:	36
SN	average first fragment length:	36
SN	average last fragment length:	0
SN	maximum length:	36
SN	maximum first fragment length:	36
SN	maximum last fragment length:	0
SN	average quality:	59.6
SN	insert size average:	0.0
SN	insert size standard deviation:	0.0
SN	inward oriented pairs:	0
SN	outward oriented pairs:	0
SN	pairs with other orientation:	0
SN	pairs on different chromosomes:	0
SN	percentage of properly paired reads (%):	0.0
# First Fragment Qualities. Use `grep ^FFQ | cut -f 2-` to extract this part.
# Columns correspond to qualities and rows to cycles. First column is the cycle number.
FFQ	1	0	0	0	0	0	0	0	0	0	0	0	0	0	0	0	0	0	0	0	0	0	0	0	0	0	0	0	0	0	0	0	0	0	778	0	2271	0	0	4031	4690	8889	8326	7687	5503	4314	3008	5462	6143	11521	13603	16592	34213	25893	43529	19789	59571	53975	63084	91333	145312	165497	283500	500759	1150764	7524077	0	0
FFQ	2	0	0	0	0	0	0	0	0	0	0	0	0	0	0	0	0	0	0	0	0	0	0	0	0	0	0	0	0	0	0	0	0	0	963	0	1244	515	4599	7802	13237	18693	18998	12019	8194	8625	8775	15447	19200	24966	35469	38093	58671	52340	71149	63819	105807	83360	143652	158591	244636	291392	416745	717649	1324576	3975572	2319316	0
FFQ	3	0	0	0	0	0	0	0	0	0	0	0	0	0	0	0	0	0	0	0	0	0	0	0	0	0	0	0	0	0	0	0	0	0	1088	0	2239	553	6626	9530	13642	16248	18132	12092	10119	10255	10923	17121	21508	26455	35970	37866	57521	53738	70870	67446	105167	91181	149360	158560	252702	312905	450354	770388	1371266	4000439	2101850	0
FFQ	4	0	0	0	0	0	0	0	0	0	0	0	0	0	0	0	0	0	0	0	0	0	0	0	0	0	0	0	0	0	0	0	0	0	1242	0	1746	598	5570	8829	12980	15581	16598	11353	8726	9671	10251	16830	21316	26518	36474	38656	58928	54751	72630	67687	109445	91831	153527	162688	260146	318428	444447	763956	1371341	4055924	2035446	0
FFQ	5	0	0	0	0	0	0	0	0	0	0	0	0	0	0	0	0	0	0	0	0	0	0	0	0	0	0	0	0	0	0	0	0	0	1391	0	2357	818	6910	9991	14350	17254	18081	12009	9590	10790	12202	18985	24303	30179	40845	43237	63935	61166	79161	76864	122197	105354	170124	180777	290716	363102	494873	833243	1440843	3953948	1754519	0
FFQ	6	0	0	0	0	0	0	0	0	0	0	0	0	0	0	0	0	0	0	0	0	0	0	0	0	0	0	0	0	0	0	0	0	0	1551	0	2647	1114	9003	12365	17274	18194	19322	12639	11869	13663	15963	25046	30895	36804	48908	52329	74762	72477	90859	91115	140652	124995	194624	202318	312207	399235	525678	857732	1450876	3883506	1513492	0
FFQ	7	0	0	0	0	0	0	0	0	0	0	0	0	0	0	0	0	0	0	0	0	0	0	0	0	0	0	0	0	0	0	0	0	0	1748	0	3058	1112	9142	13094	17416	17724	18982	12500	12567	14399	17126	25894	31581	38262	50045	53352	75850	74235	92489	94813	143032	128638	199581	205314	318912	412487	542976	886249	1479667	3848108	1423761	0
FFQ	8	0	0	0	0	0	0	0	0	0	0	0	0	0	0	0	0	0	0	0	0	0	0	0	0	0	0	0	0	0	0	0	0	0	1977	0	2895	1153	8935	12703	17226	17577	18333	12216	12711	14773	17182	26709	32961	39313	50949	54174	77351	76352	94435	96866	147916	132477	202840	210031	326728	424216	549878	889983	1493823	3828883	1370548	0
FFQ	9	0	0	0	0	0	0	0	0	0	0	0	0	0	0	0	0	0	0	0	0	0	0	0	0	0	0	0	0	0	0	0	0	0	2311	0	2845	1247	8647	12515	17201	17092	18057	11944	12062	14189	16917	26503	32729	39252	50934	53935	76505	76154	95094	97092	149551	134144	206660	214742	336394	438840	562876	914585	1516028	3788218	1318851	0
FFQ	10	0	0	0	0	0	0	0	0	0	0	0	0	0	0	0	0	0	0	0	0	0	0	0	0	0	0	0	0	0	0	0	0	0	2809	0	2734	1172	8319	12428	17998	18501	17833	11749	12017	14397	17711	28273	34727	42496	54384	55305	81144	79570	100676	101393	160339	140890	217544	226091	353375	458791	580735	928767	1526347	3668775	1286824	0
FFQ	11	0	0	0	0	0	0	0	0	0	0	0	0	0	0	0	0	0	0	0	0	0	0	0	0	0	0	0	0	0	0	0	0	0	3418	0	2916	1368	8994	13515	19171	18902	18361	11944	12854	15787	19271	31881	37921	46558	58421	59305	86820	86341	108472	109237	171155	152055	231150	238763	370882	482309	596715	937055	1530029	3579890	1202654	0
FFQ	12	0	0	0	0	0	0	0	0	0	0	0	0	0	0	0	0	0	0	0	0	0	0	0	0	0	0	0	0	0	0	0	0	0	4468	0	3362	1543	9738	13816	19058	18117	18789	12438	13800	17081	20610	33392	39880	48211	60803	62244	89557	90375	113247	115138	180427	162551	242381	252442	387584	507867	614485	965112	1541417	3494520	1109661	0
FFQ	13	0	0	0	0	0	0	0	0	0	0	0	0	0	0	0	0	0	0	0	0	0	0	0	0	0	0	0	0	0	0	0	0	0	6298	0	4341	2015	12179	16281	21749	18877	20405	13835	16509	20485	24747	38872	46218	54718	68605	70397	99667	100569	123678	126870	194873	179851	258729	270434	406121	534176	636973	988779	1553468	3367388	966007	0
FFQ	14	0	0	0	0	0	0	0	0	0	0	0	0	0	0	0	0	0	0	0	0	0	0	0	0	0	0	0	0	0	0	0	0	0	9081	0	4462	2223	12604	17274	22322	19416	21014	14204	17161	22165	26411	41798	49003	58606	72403	73529	105324	106771	130024	134585	206125	190784	272419	282485	424514	558389	654540	1008618	1553154	3252675	900031	0
FFQ	15	0	0	0	0	0	0	0	0	0	0	0	0	0	0	0	0	0	0	0	0	0	0	0	0	0	0	0	0	0	0	0	0	0	13695	0	4959	2386	13697	18360	23641	20199	22145	14959	18788	23785	28187	45390	52456	62472	76928	77914	111231	112773	137972	142685	218282	202696	284054	294731	441358	578947	664780	1020237	1543807	3139048	851552	0
FFQ	16	0	0	0	0	0	0	0	0	0	0	0	0	0	0	0	0	0	0	0	0	0	0	0	0	0	0	0	0	0	0	0	0	0	20430	0	5473	2586	14973	19716	24950	20632	22942	15413	20791	26421	31001	49246	56126	67493	82416	82635	116749	118985	146971	148545	229725	213994	296933	307803	457199	597660	676775	1031623	1535293	3027428	795187	0
FFQ	17	0	0	0	0	0	0	0	0	0	0	0	0	0	0	0	0	0	0	0	0	0	0	0	0	0	0	0	0	0	0	0	0	0	29468	0	5725	2848	14937	19875	25772	21121	22784	15813	21144	27521	31735	52320	57947	70706	85182	85924	121490	123781	153782	155251	239269	224457	307943	320591	471292	619518	685918	1046858	1522827	2923450	756865	0
FFQ	18	0	0	0	0	0	0	0	0	0	0	0	0	0	0	0	0	0	0	0	0	0	0	0	0	0	0	0	0	0	0	0	0	0	41773	0	6000	3195	16658	21647	27052	21353	24100	16480	22431	29513	34672	56485	62246	75410	90364	90669	128894	131049	162453	163245	252212	237995	320606	333982	490431	636176	695192	1057056	1505080	2807216	702479	0
FFQ	19	0	0	0	0	0	0	0	0	0	0	0	0	0	0	0	0	0	0	0	0	0	0	0	0	0	0	0	0	0	0	0	0	0	58587	0	6822	3455	17723	22938	28661	22209	24884	16850	23857	31951	36363	60253	64757	79803	95314	95338	134825	137301	170855	170799	262000	250593	332068	345131	502660	653813	704007	1066310	1489945	2698738	655304	0
FFQ	20	0	0	0	0	0	0	0	0	0	0	0	0	0	0	0	0	0	0	0	0	0	0	0	0	0	0	0	0	0	0	0	0	0	80502	0	7210	3645	18625	23416	29572	22787	25178	17751	25674	33844	38802	63662	69315	84267	100162	99928	141451	144249	179466	178881	274772	264107	343629	359359	519489	666690	711202	1074197	1459907	2590569	611806	0
FFQ	21	0	0	0	0	0	0	0	0	0	0	0	0	0	0	0	0	0	0	0	0	0	0	0	0	0	0	0	0	0	0	0	0	0	107257	0	7332	3645	20931	27323	36002	26369	27600	18488	27943	37560	41540	72423	74238	91820	105805	105025	147249	148847	185863	182046	279127	266236	346333	360710	521933	660883	711515	1067489	1425445	2501914	627223	0
FFQ	22	0	0	0	0	0	0	0	0	0	0	0	0	0	0	0	0	0	0	0	0	0	0	0	0	0	0	0	0	0	0	0	0	0	136954	0	8008	4110	23124	29258	37758	26414	28599	19296	29938	39904	43681	76506	76725	95863	110062	107997	152793	153388	193729	187402	287138	275147	351774	371322	531168	666857	711932	1060999	1401434	2423291	601543	0
FFQ	23	0	0	0	0	0	0	0	0	0	0	0	0	0	0	0	0	0	0	0	0	0	0	0	0	0	0	0	0	0	0	0	0	0	162865	0	8720	4084	22560	28659	36791	26322	28735	19492	30125	40537	44474	76753	77805	96135	111358	109453	153929	155499	197650	190357	293372	285427	359453	381666	542939	678643	717722	1068783	1385796	2357484	570526	0
FFQ	24	0	0	0	0	0	0	0	0	0	0	0	0	0	0	0	0	0	0	0	0	0	0	0	0	0	0	0	0	0	0	0	0	0	193377	0	9553	4679	25560	31578	39951	26979	30471	20902	32763	44301	47207	82785	81657	102063	116504	115302	162272	163559	207891	198869	305275	297632	371629	391576	553916	690331	721597	1067569	1359596	2245676	521094	0
FFQ	25	0	0	0	0	0	0	0	0	0	0	0	0	0	0	0	0	0	0	0	0	0	0	0	0	0	0	0	0	0	0	0	0	0	229391	0	10897	4871	27822	32803	41764	27861	30963	21934	34110	47089	49878	86540	84591	105462	121712	119704	167991	169547	216319	208421	317031	315443	384691	410042	569379	703928	722753	1068352	1320661	2124036	488128	0
FFQ	26	0	0	0	0	0	0	0	0	0	0	0	0	0	0	0	0	0	0	0	0	0	0	0	0	0	0	0	0	0	0	0	0	0	273051	0	20453	8912	51640	56526	66314	40299	42416	26463	41664	54154	54290	92643	88686	108207	124022	120900	170268	171429	221180	211150	320097	323007	387919	415243	570871	705502	716879	1051220	1283563	2004162	440984	0
FFQ	27	0	0	0	0	0	0	0	0	0	0	0	0	0	0	0	0	0	0	0	0	0	0	0	0	0	0	0	0	0	0	0	0	0	320614	0	22908	9838	54799	58369	67727	40085	44113	27965	45204	59553	59086	98059	94896	115000	131930	129197	181186	182524	236327	224175	337928	346023	404266	436754	586460	716995	718575	1042804	1228376	1854965	387413	0
FFQ	28	0	0	0	0	0	0	0	0	0	0	0	0	0	0	0	0	0	0	0	0	0	0	0	0	0	0	0	0	0	0	0	0	0	370976	0	24522	10367	61409	65811	77450	44428	48524	30479	49607	64891	63932	108273	101987	123583	140944	136712	191354	191973	248306	236034	349216	358743	412143	444298	590596	714739	709972	1021315	1175411	1732221	363898	0
FFQ	29	0	0	0	0	0	0	0	0	0	0	0	0	0	0	0	0	0	0	0	0	0	0	0	0	0	0	0	0	0	0	0	0	0	429320	0	25190	10447	62278	66191	76018	43375	48437	30939	51681	67456	66072	110172	104361	126731	145582	141471	196490	196483	256657	241045	358532	372671	420087	456838	599358	721689	710973	1008995	1147304	1643628	327643	0
FFQ	30	0	0	0	0	0	0	0	0	0	0	0	0	0	0	0	0	0	0	0	0	0	0	0	0	0	0	0	0	0	0	0	0	0	497241	0	24017	10353	59815	63474	74847	42591	48219	30832	52349	67949	66812	111246	106128	128881	147308	144530	200148	201400	264821	247047	366997	385134	428354	468787	606423	727740	711041	1003074	1117525	1557799	301232	0
FFQ	31	0	0	0	0	0	0	0	0	0	0	0	0	0	0	0	0	0	0	0	0	0	0	0	0	0	0	0	0	0	0	0	0	0	581823	0	24104	10258	61238	66470	78055	44261	49750	31369	55215	70769	69273	116402	109219	133626	151066	147962	204748	204838	272163	250917	371177	391701	430999	472114	605643	719799	703025	979788	1083448	1483429	289465	0
FFQ	32	0	0	0	0	0	0	0	0	0	0	0	0	0	0	0	0	0	0	0	0	0	0	0	0	0	0	0	0	0	0	0	0	0	694733	0	24020	10849	53606	54445	62017	36444	46269	31715	53705	67501	68324	110074	108300	131317	152417	152368	210421	211496	285656	261684	388160	416430	447008	499855	621589	735575	707543	973345	1051463	1361844	233941	0
FFQ	33	0	0	0	0	0	0	0	0	0	0	0	0	0	0	0	0	0	0	0	0	0	0	0	0	0	0	0	0	0	0	0	0	0	850502	0	23103	10675	49947	49889	57223	34274	45800	31647	54719	67943	69231	111135	111169	134262	155605	157737	214846	216082	295325	268320	397094	430137	453081	512369	627276	737055	704246	950709	1003240	1238975	200498	0
FFQ	34	0	0	0	0	0	0	0	0	0	0	0	0	0	0	0	0	0	0	0	0	0	0	0	0	0	0	0	0	0	0	0	0	0	1074857	0	17548	8443	41078	42646	50010	30794	41258	28856	51200	63610	66037	108570	107915	133455	153699	158168	213851	218189	301602	271716	400855	439902	456587	517974	625958	727389	695170	925193	956747	1154168	180669	0
FFQ	35	0	0	0	0	0	0	0	0	0	0	0	0	0	0	0	0	0	0	0	0	0	0	0	0	0	0	0	0	0	0	0	0	0	1464822	0	592	1091	12188	19689	30328	20920	28015	20916	39376	51766	57693	99337	99840	128506	149662	157356	215209	221600	309879	282021	416105	464977	478083	553300	649592	729261	685704	892663	852903	975411	155309	0
FFQ	36	0	0	0	0	0	0	0	0	0	0	0	0	0	0	0	0	0	0	0	0	0	0	0	0	0	0	0	0	0	0	0	0	0	2017133	0	0	0	0	0	0	0	0	0	0	0	0	0	0	127107	149805	150300	202917	205997	268502	251864	359138	377606	419706	438997	549879	664726	595583	830657	971783	1369057	313357	0
# Last Fragment Qualities. Use `grep ^LFQ | cut -f 2-` to extract this part.
# Columns correspond to qualities and rows to cycles. First column is the cycle number.
# GC Content of first fragments. Use `grep ^GCF | cut -f 2-` to extract this part.
GCF	1.26	918
GCF	4.02	1831
GCF	6.78	3689
GCF	9.55	7811
GCF	12.31	17240
GCF	15.08	36947
GCF	17.84	73214
GCF	20.60	128370
GCF	23.37	208668
GCF	26.13	313355
GCF	28.89	431596
GCF	31.66	554122
GCF	34.42	692253
GCF	37.19	810012
GCF	39.95	876190
GCF	42.71	876510
GCF	45.48	834386
GCF	48.24	779043
GCF	51.26	719896
GCF	54.02	618843
GCF	56.78	544133
GCF	59.55	456541
GCF	62.31	374505
GCF	65.08	269611
GCF	67.84	188414
GCF	70.60	133981
GCF	73.37	95605
GCF	76.13	70537
GCF	78.89	51488
GCF	81.66	37171
GCF	84.42	25583
GCF	87.19	15922
GCF	89.95	9086
GCF	92.71	4368
GCF	95.48	1670
GCF	98.49	500
# GC Content of last fragments. Use `grep ^GCL | cut -f 2-` to extract this part.
# ACGT content per cycle. Use `grep ^GCC | cut -f 2-` to extract this part. The columns are: cycle; A,C,G,T base counts as a percentage of all A/C/G/T bases [%]; and N and O counts as a percentage of all A/C/G/T bases [%]
GCC	1	28.08	22.31	21.79	27.83	0.02	0.00
GCC	2	23.93	27.91	26.02	22.14	0.00	0.00
GCC	3	30.42	20.58	18.96	30.04	0.00	0.00
GCC	4	29.67	21.49	19.70	29.15	0.00	0.00
GCC	5	30.07	20.85	19.58	29.50	0.00	0.00
GCC	6	28.61	22.30	21.33	27.76	0.00	0.00
GCC	7	29.43	21.86	20.27	28.44	0.00	0.00
GCC	8	29.19	22.44	20.60	27.77	0.00	0.00
GCC	9	27.73	23.18	21.91	27.18	0.00	0.00
GCC	10	27.74	23.54	21.76	26.96	0.00	0.00
GCC	11	27.91	23.17	21.89	27.03	0.00	0.00
GCC	12	28.16	23.18	21.35	27.30	0.00	0.00
GCC	13	27.85	23.01	21.48	27.66	0.00	0.00
GCC	14	28.43	22.98	20.82	27.77	0.00	0.00
GCC	15	28.24	22.38	21.42	27.96	0.00	0.00
GCC	16	28.25	22.55	20.97	28.23	0.00	0.00
GCC	17	28.62	22.56	21.12	27.70	0.00	0.00
GCC	18	28.40	22.63	21.03	27.94	0.00	0.00
GCC	19	27.90	23.13	21.46	27.51	0.00	0.00
GCC	20	27.90	23.69	21.50	26.91	0.00	0.00
GCC	21	27.95	23.38	21.53	27.14	0.00	0.00
GCC	22	27.98	23.07	21.60	27.35	0.00	0.00
GCC	23	28.34	22.82	21.07	27.77	0.00	0.00
GCC	24	28.01	23.43	21.00	27.57	0.00	0.00
GCC	25	28.31	22.74	20.86	28.10	0.01	0.00
GCC	26	28.31	22.76	21.09	27.84	0.01	0.00
GCC	27	27.93	23.39	21.30	27.37	0.04	0.00
GCC	28	27.99	22.75	21.40	27.86	0.04	0.00
GCC	29	27.73	23.11	21.65	27.51	0.04	0.00
GCC	30	27.74	23.55	21.62	27.09	0.02	0.00
GCC	31	27.47	23.24	21.66	27.62	0.03	0.00
GCC	32	27.56	23.35	21.80	27.29	0.01	0.00
GCC	33	27.89	23.19	21.53	27.39	0.01	0.00
GCC	34	27.78	23.29	21.53	27.40	0.01	0.00
GCC	35	28.08	23.24	21.28	27.40	0.01	0.00
GCC	36	27.89	23.18	21.44	27.49	0.01	0.00
# ACGT content per cycle, read oriented. Use `grep ^GCT | cut -f 2-` to extract this part. The columns are: cycle; A,C,G,T base counts as a percentage of all A/C/G/T bases [%]
GCT	1	16.96	20.67	23.42	38.95
GCT	2	35.32	24.34	29.59	10.75
GCT	3	31.49	24.19	15.35	28.97
GCT	4	31.63	19.10	22.08	27.18
GCT	5	32.55	17.13	23.30	27.02
GCT	6	31.42	19.84	23.79	24.95
GCT	7	29.86	21.07	21.06	28.02
GCT	8	29.85	21.47	21.57	27.11
GCT	9	28.27	22.15	22.94	26.64
GCT	10	29.67	22.16	23.14	25.03
GCT	11	29.62	21.95	23.11	25.32
GCT	12	29.09	21.91	22.63	26.37
GCT	13	28.89	21.70	22.79	26.62
GCT	14	29.63	22.03	21.77	26.57
GCT	15	29.37	21.33	22.47	26.83
GCT	16	29.58	21.28	22.24	26.91
GCT	17	30.02	21.53	22.15	26.30
GCT	18	29.67	21.35	22.30	26.67
GCT	19	29.24	21.64	22.95	26.17
GCT	20	29.02	22.24	22.95	25.80
GCT	21	29.00	22.61	22.30	26.09
GCT	22	28.55	22.38	22.29	26.77
GCT	23	28.35	22.58	21.31	27.75
GCT	24	28.39	22.85	21.58	27.18
GCT	25	28.47	22.19	21.41	27.93
GCT	26	28.65	21.88	21.97	27.50
GCT	27	28.56	22.36	22.33	26.75
GCT	28	29.08	21.47	22.67	26.78
GCT	29	28.40	21.84	22.92	26.84
GCT	30	28.16	22.55	22.62	26.67
GCT	31	27.90	22.63	22.28	27.20
GCT	32	27.81	22.73	22.42	27.05
GCT	33	28.23	22.39	22.33	27.05
GCT	34	27.99	22.42	22.40	27.19
GCT	35	28.32	22.41	22.11	27.17
GCT	36	27.98	22.25	22.37	27.40
# ACGT content per cycle for first fragments. Use `grep ^FBC | cut -f 2-` to extract this part. The columns are: cycle; A,C,G,T base counts as a percentage of all A/C/G/T bases [%]; and N and O counts as a percentage of all A/C/G/T bases [%]
FBC	1	28.08	22.31	21.79	27.83	0.02	0.00
FBC	2	23.93	27.91	26.02	22.14	0.00	0.00
FBC	3	30.42	20.58	18.96	30.04	0.00	0.00
FBC	4	29.67	21.49	19.70	29.15	0.00	0.00
FBC	5	30.07	20.85	19.58	29.50	0.00	0.00
FBC	6	28.61	22.30	21.33	27.76	0.00	0.00
FBC	7	29.43	21.86	20.27	28.44	0.00	0.00
FBC	8	29.19	22.44	20.60	27.77	0.00	0.00
FBC	9	27.73	23.18	21.91	27.18	0.00	0.00
FBC	10	27.74	23.54	21.76	26.96	0.00	0.00
FBC	11	27.91	23.17	21.89	27.03	0.00	0.00
FBC	12	28.16	23.18	21.35	27.30	0.00	0.00
FBC	13	27.85	23.01	21.48	27.66	0.00	0.00
FBC	14	28.43	22.98	20.82	27.77	0.00	0.00
FBC	15	28.24	22.38	21.42	27.96	0.00	0.00
FBC	16	28.25	22.55	20.97	28.23	0.00	0.00
FBC	17	28.62	22.56	21.12	27.70	0.00	0.00
FBC	18	28.40	22.63	21.03	27.94	0.00	0.00
FBC	19	27.90	23.13	21.46	27.51	0.00	0.00
FBC	20	27.90	23.69	21.50	26.91	0.00	0.00
FBC	21	27.95	23.38	21.53	27.14	0.00	0.00
FBC	22	27.98	23.07	21.60	27.35	0.00	0.00
FBC	23	28.34	22.82	21.07	27.77	0.00	0.00
FBC	24	28.01	23.43	21.00	27.57	0.00	0.00
FBC	25	28.31	22.74	20.86	28.10	0.01	0.00
FBC	26	28.31	22.76	21.09	27.84	0.01	0.00
FBC	27	27.93	23.39	21.30	27.37	0.04	0.00
FBC	28	27.99	22.75	21.40	27.86	0.04	0.00
FBC	29	27.73	23.11	21.65	27.51	0.04	0.00
FBC	30	27.74	23.55	21.62	27.09	0.02	0.00
FBC	31	27.47	23.24	21.66	27.62	0.03	0.00
FBC	32	27.56	23.35	21.80	27.29	0.01	0.00
FBC	33	27.89	23.19	21.53	27.39	0.01	0.00
FBC	34	27.78	23.29	21.53	27.40	0.01	0.00
FBC	35	28.08	23.24	21.28	27.40	0.01	0.00
FBC	36	27.89	23.18	21.44	27.49	0.01	0.00
# ACGT raw counters for first fragments. Use `grep ^FTC | cut -f 2-` to extract this part. The columns are: A,C,G,T,N base counters
FTC	104015302	84799391	78752740	101910478	30193
# ACGT content per cycle for last fragments. Use `grep ^LBC | cut -f 2-` to extract this part. The columns are: cycle; A,C,G,T base counts as a percentage of all A/C/G/T bases [%]; and N and O counts as a percentage of all A/C/G/T bases [%]
# ACGT raw counters for last fragments. Use `grep ^LTC | cut -f 2-` to extract this part. The columns are: A,C,G,T,N base counters
LTC	0	0	0	0	0
# Insert sizes. Use `grep ^IS | cut -f 2-` to extract this part. The columns are: insert size, pairs total, inward oriented pairs, outward oriented pairs, other pairs
# Read lengths. Use `grep ^RL | cut -f 2-` to extract this part. The columns are: read length, count
RL	36	10264114
# Read lengths - first fragments. Use `grep ^FRL | cut -f 2-` to extract this part. The columns are: read length, count
FRL	36	10264114
# Read lengths - last fragments. Use `grep ^LRL | cut -f 2-` to extract this part. The columns are: read length, count
# Indel distribution. Use `grep ^ID | cut -f 2-` to extract this part. The columns are: length, number of insertions, number of deletions
ID	1	15554	13658
ID	2	3944	2444
ID	3	2008	799
ID	4	1076	499
ID	5	1159	148
# Indels per cycle. Use `grep ^IC | cut -f 2-` to extract this part. The columns are: cycle, number of insertions (fwd), .. (rev) , number of deletions (fwd), .. (rev)
IC	2	184	0	103	0
IC	3	181	0	142	0
IC	4	272	0	1182	0
IC	5	1026	0	552	0
IC	6	637	0	509	0
IC	7	528	0	510	0
IC	8	448	0	425	0
IC	9	431	0	430	0
IC	10	516	0	454	0
IC	11	409	0	438	0
IC	12	375	0	453	0
IC	13	363	0	440	0
IC	14	371	0	659	0
IC	15	218	0	300	0
IC	16	197	0	300	0
IC	17	190	0	289	0
IC	18	176	0	449	0
IC	19	210	0	279	0
IC	20	183	0	332	0
IC	21	217	0	329	0
IC	22	261	0	587	0
IC	23	513	0	526	0
IC	24	567	0	539	0
IC	25	673	0	583	0
IC	26	939	0	561	0
IC	27	942	0	600	0
IC	28	1086	0	1365	0
IC	29	1515	0	747	0
IC	30	2194	0	805	0
IC	31	2668	0	1135	0
IC	32	3424	0	1275	0
IC	33	1133	0	160	0
IC	34	553	0	90	0
IC	35	141	0	0	0
# Coverage distribution. Use `grep ^COV | cut -f 2-` to extract this part.
COV	[1-1]	1	36
# GC-depth. Use `grep ^GCD | cut -f 2-` to extract this part. The columns are: GC%, unique sequence percentiles, 10th, 25th, 50th, 75th and 90th depth percentile
GCD	0.0	100.000	0.000	0.000	0.000	0.000	0.000
